65,52
65,51
65,50
65,49
65,48
65,47
65,46
65,45
65,44
65,43
65,42
65,41
65,40
65,39
65,38
65,37
65,36
33,3
66,3
66,2
66,1
66,0
65,35
10,111
10,129
10,307
10,109
10,213
10,279
10,95
10,67
11,23
11,5
11,21
11,29
11,13
11,15
11,25
9,5
8,16
8,7
8,5
8,13
63,4
63,3
63,2
63,1
63,0
33,1
20,3
20,2
20,1
19,3
19,2
19,1
12,3
12,2
12,1
11,26
11,24
11,20
11,18
11,14
11,12
11,10
11,3
11,2
11,1
10,296
10,236
10,228
10,164
10,142
10,108
10,28
10,20
10,3
18,1
10,2
18,3
10,1
9,7
9,6
14,1
9,4
14,3
9,3
13,1
9,2
13,3
9,1
8,18
8,12
8,10
8,8
8,6
8,4
8,3
8,2
8,1
3,3
3,2
3,1
2,2
2,3
2,1
0,278
0,9
0,0
65,34
